0 0.5863341 0.39326453 0.30159035 0.37726763
0 0.30809668 0.37393606 0.29120144 0.30751187
41 0.7499673 0.5945053 0.070068695 0.09582715
60 0.4841625 0.65704805 0.9582928 0.33342767
41 0.53571385 0.6009735 0.04011836 0.05576434
0 0.062218063 0.43935385 0.12382098 0.26629457
41 0.7059592 0.71417063 0.049569797 0.061988972
41 0.03117155 0.62942576 0.04944713 0.05411186
41 0.81877863 0.7676253 0.109627485 0.1250039
41 0.12726411 0.57009363 0.0597376 0.10587654
41 0.077411205 0.6071828 0.045891035 0.05195575
41 0.40238824 0.60170233 0.11542835 0.18077207
41 0.15473473 0.54749995 0.037384618 0.075528
0 0.08181596 0.24689412 0.16224055 0.1604844
41 0.6142171 0.7690183 0.07502417 0.12675467
0 0.8885797 0.514399 0.22216149 0.33729535
41 0.3215117 0.5293854 0.033019114 0.042523526
56 0.75923944 0.48611277 0.06286516 0.12731643
39 0.34024176 0.6763571 0.051828075 0.16760531
41 0.048908602 0.76175857 0.097617365 0.13384828
0 0.85402167 0.5856385 0.29097548 0.48204955
41 0.2527393 0.5022507 0.03268223 0.04093919
0 0.85384405 0.74286354 0.29032302 0.17131881
41 0.4636851 0.57553846 0.03758373 0.08484368
41 0.23110525 0.6793165 0.090642594 0.1021914
41 0.6181065 0.71727604 0.053557206 0.0630187
41 0.24653535 0.54703647 0.03887446 0.043649815
0 0.94997615 0.75003636 0.09906216 0.15936598
